STARLINK-1008
1 44714U 19074B   26174.88577602  .00061014  00000+0  10374-2 0  9992
2 44714  53.1523  36.6365 0001936 172.4425 187.6614 15.50879183365255
STARLINK-1017
1 44723U 19074L   26174.92290647  .00038771  00000+0  12185-2 0  9994
2 44723  53.0473  37.9747 0004079  88.3246 271.8222 15.32630214365210
STARLINK-1020
1 44725U 19074N   26174.97628213  .00080158  00000+0  10973-2 0  9994
2 44725  53.1558  59.8955 0003404 143.7524 216.3720 15.56728928364916
STARLINK-1039
1 44744U 19074AH  26175.04836965  .00032933  00000+0  11374-2 0  9993
2 44744  53.0573  83.1340 0004085  95.8302 264.3163 15.29666827364595
STARLINK-1042
1 44747U 19074AL  26175.06887535  .00022059  00000+0  33039-3 0  9998
2 44747  53.0415 302.3595 0001553 120.8654 239.2509 15.54912605366590
STARLINK-1047
1 44752U 19074AR  26175.23390641  .00007452  00000+0  22849-3 0  9997
2 44752  53.0693   7.3955 0003079 149.6348 210.4832 15.34811887365698
